ID	LAT	LON	DEPTH	X	Y	Z	EX	EY	EZ	YR	MO	DY	HR	MI	SC	MAG	NCCP	NCCS	NCTP	NCTS	RCC	RCT	CID
20020801	30.157115	-90.789982	0.595	-25.7	-1588.7	-1057.6	40.3	37.6	125.8	2020	2	8	0	33	8.3		0	0	38	0	-9.0	0.024	1
21030303	30.172807	-90.790641	1.928	-89.2	150.9	276.1	34.1	30.5	24.4	2021	3	3	23	25	0.36	-2.59	0	0	106	0	-9.0	0.019	1
21031301	30.166467	-90.79113	1.402	-136.0	-552.0	-250.6	58.1	61.6	39.2	2021	3	13	14	28	40.0	-1.7	0	0	73	0	-9.0	0.021	1
21031302	30.168282	-90.788875	0.553	80.5	-350.6	-1098.8	31.0	33.5	29.5	2021	3	13	18	26	28.9	-2.83	0	0	70	0	-9.0	0.023	1
21031701	30.167076	-90.79515	0.863	-523.9	-484.4	-789.3	43.1	44.5	53.5	2021	3	17	22	12	20.32	-2.91	0	0	55	0	-9.0	0.025	1
21031706	30.163436	-90.791895	0.454	-210.4	-888.0	-1198.3	25.7	28.9	27.7	2021	3	17	22	18	50.52	-3.75	0	0	51	0	-9.0	0.02	1
21031901	30.171092	-90.79152	1.664	-173.8	-39.3	12.2	39.4	38.6	36.3	2021	3	19	9	11	20.8	-0.87	0	0	115	0	-9.0	0.023	1
21032301	30.171806	-90.790332	0.303	-59.3	40.0	-1348.8	30.7	34.5	42.7	2021	3	23	17	7	37.96	-0.58	0	0	25	0	-9.0	0.02	1
21032305	30.15332	-90.79353	1.301	-367.8	-2009.2	-350.9	96.6	51.2	60.1	2021	3	23	18	55	3.72	0.62	0	0	36	0	-9.0	0.028	1
21041001	30.177358	-90.791423	1.473	-164.4	655.4	-179.4	79.1	64.3	78.7	2021	4	10	5	55	13.25	-1.86	0	0	9	0	-9.0	0.026	1
21041003	30.174235	-90.794393	0.226	-451.0	309.1	-1426.4	40.4	29.1	61.6	2021	4	10	8	51	19.5	0.06	0	0	14	0	-9.0	0.026	1
21041006	30.172685	-90.793856	0.125	-399.3	137.3	-1526.9	25.5	35.8	90.8	2021	4	10	10	1	4.58	0.42	0	0	14	0	-9.0	0.014	1
21041008	30.170127	-90.788729	1.735	94.7	-146.2	83.2	35.5	42.9	36.6	2021	4	10	11	27	32.58	-1.23	0	0	114	0	-9.0	0.025	1
21041307	30.17969	-90.792139	1.499	-233.9	913.8	-153.1	39.9	33.3	41.4	2021	4	13	23	40	28.6	-0.83	0	0	55	0	-9.0	0.019	1
21042601	30.165476	-90.792074	0.817	-227.6	-661.6	-835.3	30.9	38.2	38.3	2021	4	26	20	35	30.3	-2.05	0	0	61	0	-9.0	0.021	1
21050501	30.170209	-90.794043	2.138	-416.7	-137.1	485.8	37.0	55.5	49.4	2021	5	5	2	7	19.86	-0.85	0	0	46	0	-9.0	0.018	1
21050507	30.171682	-90.790373	3.07	-63.4	26.1	1417.8	42.9	54.3	30.8	2021	5	5	3	35	14.03	0.42	0	0	70	0	-9.0	0.023	1
21050517	30.166083	-90.795011	2.951	-510.6	-594.5	1298.4	59.8	61.9	45.5	2021	5	5	10	2	53.44	1.75	0	0	90	0	-9.0	0.02	1
21050518	30.166632	-90.789958	0.168	-23.7	-533.5	-1484.3	37.6	83.3	70.4	2021	5	5	10	3	58.96	0.26	0	0	5	0	-9.0	0.026	1
21051002	30.167617	-90.789876	2.371	-15.3	-424.4	718.7	52.0	65.2	55.7	2021	5	10	5	48	29.13	-2.03	0	0	93	0	-9.0	0.021	1
21051013	30.167082	-90.794377	1.595	-449.3	-483.9	-57.4	38.1	50.2	43.7	2021	5	10	14	28	14.52	-2.34	0	0	135	0	-9.0	0.022	1
21051014	30.162657	-90.793115	2.041	-327.9	-974.2	388.9	45.1	54.3	54.7	2021	5	10	14	29	8.75	-1.93	0	0	105	0	-9.0	0.024	1
21061402	30.183636	-90.794303	1.391	-442.0	1351.5	-261.6	66.3	66.2	60.3	2021	6	14	3	12	2.03	-1.68	0	0	49	0	-9.0	0.021	1
21070601	30.162455	-90.795109	1.044	-520.0	-996.6	-608.1	39.8	66.9	57.8	2021	7	6	19	38	30.82	-1.48	0	0	51	0	-9.0	0.027	1
21101101	30.174884	-90.78964	0.279	7.1	381.1	-1372.8	26.0	48.6	75.2	2021	10	11	16	22	52.11	-2.77	0	0	12	0	-9.0	0.016	1
21102702	30.173527	-90.795133	1.041	-521.9	230.8	-611.3	25.8	24.6	42.6	2021	10	27	22	2	57.6	-1.07	0	0	73	0	-9.0	0.024	1
22041001	30.168575	-90.789388	2.544	31.2	-318.2	891.6	49.7	50.3	23.8	2022	4	10	1	11	3.42	-1.52	0	0	192	0	-9.0	0.023	1
22041305	30.170408	-90.792765	1.672	-293.7	-115.0	20.0	26.4	36.9	48.4	2022	4	13	1	14	18.45	-1.13	0	0	171	0	-9.0	0.022	1
22041401	30.15813	-90.790535	1.472	-79.4	-1476.2	-180.2	46.3	55.4	38.3	2022	4	14	1	48	32.4	-2.66	0	0	92	0	-9.0	0.023	1
22041407	30.172042	-90.792261	2.363	-245.5	66.0	711.0	48.1	58.4	42.6	2022	4	14	5	10	18.5	-1.38	0	0	125	0	-9.0	0.023	1
22050601	30.178884	-90.790291	1.407	-55.5	824.6	-245.0	26.4	34.1	39.7	2022	5	6	3	38	31.67	-2.96	0	0	199	0	-9.0	0.023	1
22050602	30.172249	-90.791992	0.477	-219.3	89.1	-1174.9	30.3	33.1	28.9	2022	5	6	5	21	6.15	-2.37	0	0	52	0	-9.0	0.026	1
22052103	30.174021	-90.790584	1.393	-84.2	285.6	-259.1	45.5	34.0	41.0	2022	5	21	22	46	40.64	-1.78	0	0	63	0	-9.0	0.023	1
22052106	30.16877	-90.79056	0.504	-81.5	-296.7	-1148.5	39.6	31.8	36.2	2022	5	21	23	2	34.28	-2.41	0	0	31	0	-9.0	0.02	1
22052110	30.164642	-90.793506	0.211	-365.2	-754.1	-1441.5	62.2	36.6	50.4	2022	5	21	23	13	47.56	-2.31	0	0	9	0	-9.0	0.022	1
22052116	30.167295	-90.792326	1.825	-251.6	-460.1	173.1	39.2	44.1	49.2	2022	5	21	23	43	25.76	-1.72	0	0	139	0	-9.0	0.021	1
22052204	30.178444	-90.790861	1.277	-110.5	775.8	-375.4	29.6	29.3	39.5	2022	5	22	0	13	8.7	-2.11	0	0	79	0	-9.0	0.024	1
22052215	30.175413	-90.792074	1.309	-227.0	439.9	-343.5	41.0	49.4	56.8	2022	5	22	0	37	44.91	-3.01	0	0	45	0	-9.0	0.018	1
22052218	30.163715	-90.79012	0.57	-39.2	-857.1	-1081.9	63.0	46.0	42.4	2022	5	22	0	42	11.72	-3.13	0	0	24	0	-9.0	0.021	1
22052225	30.16673	-90.789103	1.495	58.4	-522.9	-157.0	33.7	64.0	32.7	2022	5	22	1	2	35.23	-2.9	0	0	57	0	-9.0	0.017	1
22052228	30.162063	-90.792839	1.621	-301.1	-1040.1	-30.8	53.1	57.6	75.1	2022	5	22	1	11	32.31	-2.41	0	0	51	0	-9.0	0.015	1
22052301	30.161981	-90.79174	0.695	-195.0	-1049.1	-957.4	29.6	44.1	66.2	2022	5	23	2	53	59.57	-3.2	0	0	57	0	-9.0	0.024	1
22060307	30.182196	-90.795467	3.644	-553.8	1191.8	1991.6	64.9	57.5	45.4	2022	6	3	3	29	31.79	-1.48	0	0	44	0	-9.0	0.027	1
22060308	30.173641	-90.792537	1.546	-272.3	243.3	-105.9	36.1	28.7	40.6	2022	6	3	3	31	0.3	-2.12	0	0	127	0	-9.0	0.019	1
22060309	30.169421	-90.792244	1.3	-243.9	-224.5	-350.9	31.3	30.1	29.0	2022	6	3	3	31	59.39	-3.02	0	0	171	0	-9.0	0.025	1
22061607	30.181	-90.794222	1.182	-434.3	1059.2	-469.8	42.1	43.9	39.1	2022	6	16	22	42	25.38	-1.04	0	0	62	0	-9.0	0.021	1
22061610	30.174406	-90.795972	0.505	-602.9	328.1	-1146.9	23.3	21.9	21.8	2022	6	16	23	27	37.64		0	0	78	0	-9.0	0.021	1
22062703	30.180813	-90.788135	1.591	152.2	1038.5	-61.7	29.2	33.1	27.4	2022	6	27	21	34	11.36	-2.32	0	0	136	0	-9.0	0.023	1
22070505	30.159005	-90.794946	1.056	-504.2	-1379.1	-595.9	42.4	42.4	53.9	2022	7	5	18	22	44.26	-2.38	0	0	25	0	-9.0	0.024	1
22070507	30.17654	-90.78986	0.409	-13.8	564.8	-1243.6	24.1	30.6	36.3	2022	7	5	18	24	57.84	-2.9	0	0	58	0	-9.0	0.025	1
22070509	30.187044	-90.78929	3.184	41.0	1729.1	1532.2	42.4	51.0	37.3	2022	7	5	18	28	42.44	-1.3	0	0	125	0	-9.0	0.02	1
22070512	30.179388	-90.790438	2.522	-69.7	880.4	869.9	52.5	65.5	49.9	2022	7	5	21	8	37.56	-1.41	0	0	120	0	-9.0	0.021	1
22071001	30.167234	-90.794165	0.051	-428.5	-466.8	-1600.9	72.6	80.1	151.3	2022	7	10	21	14	49.64	-0.11	0	0	2	0	-9.0	0.021	1
