ID	LAT	LON	DEPTH	X	Y	Z	EX	EY	EZ	YR	MO	DY	HR	MI	SC	MAG	NCCP	NCCS	NCTP	NCTS	RCC	residual	CID
20020801	30.157115	-90.789982	0.595	-25.7	-1588.7	-1057.6	40.3	37.6	125.8	2020	2	8	0	33	8.3		0	0	38	0	-9.0	0.024	1
20030103	30.144948	-90.791764	0.234	-197.9	-2937.3	-1418.4	66.5	38.0	35.6	2020	3	1	1	15	15.11		0	0	23	0	-9.0	0.018	1
20081309	30.174154	-90.772298	0.593	1677.4	300.1	-1057.8	25.5	46.1	25.9	2020	8	13	23	15	0.06	-0.98	0	0	68	0	-9.0	0.017	1
20082701	30.173106	-90.777116	2.589	1213.2	184.1	936.5	79.9	116.7	47.1	2020	8	27	13	0	53.28	-0.71	0	0	112	0	-9.0	0.023	1
21030301	30.170215	-90.782324	1.144	711.9	-136.4	-507.8	32.0	39.3	40.8	2021	3	3	19	29	40.68	-1.02	0	0	67	0	-9.0	0.023	1
21030303	30.172807	-90.790641	1.928	-89.2	150.9	276.1	34.1	30.5	24.4	2021	3	3	23	25	0.36	-2.59	0	0	106	0	-9.0	0.019	1
21031201	30.153153	-90.789014	6.847	67.2	-2027.8	5195.3	102.1	134.3	71.8	2021	3	12	4	22	6.47	-0.81	0	0	10	0	-9.0	0.017	1
21031301	30.166467	-90.79113	1.402	-136.0	-552.0	-250.6	58.1	61.6	39.2	2021	3	13	14	28	40.0	-1.7	0	0	73	0	-9.0	0.021	1
21031302	30.168282	-90.788875	0.553	80.5	-350.6	-1098.8	31.0	33.5	29.5	2021	3	13	18	26	28.9	-2.83	0	0	70	0	-9.0	0.023	1
21031701	30.167076	-90.79515	0.863	-523.9	-484.4	-789.3	43.1	44.5	53.5	2021	3	17	22	12	20.32	-2.91	0	0	55	0	-9.0	0.025	1
21031703	30.164156	-90.783138	2.894	633.1	-808.1	1242.1	47.0	64.2	60.9	2021	3	17	22	14	4.32	-2.1	0	0	100	0	-9.0	0.022	1
21031704	30.159851	-90.800724	0.26	-1060.6	-1285.4	-1392.2	40.6	45.6	99.8	2021	3	17	22	16	28.08	-2.62	0	0	24	0	-9.0	0.017	1
21031706	30.163436	-90.791895	0.454	-210.4	-888.0	-1198.3	25.7	28.9	27.7	2021	3	17	22	18	50.52	-3.75	0	0	51	0	-9.0	0.02	1
21031708	30.184851	-90.775814	1.216	1339.0	1486.0	-436.4	45.6	50.1	45.3	2021	3	17	22	21	45.14	-2.7	0	0	23	0	-9.0	0.014	1
21031801	30.173501	-90.78029	1.004	907.4	227.9	-647.8	32.3	35.0	41.8	2021	3	18	1	6	26.61	-1.9	0	0	70	0	-9.0	0.024	1
21031901	30.171092	-90.79152	1.664	-173.8	-39.3	12.2	39.4	38.6	36.3	2021	3	19	9	11	20.8	-0.87	0	0	115	0	-9.0	0.023	1
21032301	30.171806	-90.790332	0.303	-59.3	40.0	-1348.8	30.7	34.5	42.7	2021	3	23	17	7	37.96	-0.58	0	0	25	0	-9.0	0.02	1
21032302	30.176617	-90.787419	1.295	221.4	573.3	-356.7	25.4	31.9	27.9	2021	3	23	17	26	33.92	-0.36	0	0	109	0	-9.0	0.018	1
21032303	30.179006	-90.784473	0.585	504.7	838.1	-1066.0	43.7	41.9	31.6	2021	3	23	17	26	34.28	-0.17	0	0	36	0	-9.0	0.021	1
21032305	30.15332	-90.79353	1.301	-367.8	-2009.2	-350.9	96.6	51.2	60.1	2021	3	23	18	55	3.72	0.62	0	0	36	0	-9.0	0.028	1
21032401	30.159448	-90.785555	1.697	400.9	-1329.9	45.2	46.0	48.9	69.0	2021	3	24	5	7	54.42	-1.31	0	0	64	0	-9.0	0.023	1
21032505	30.202273	-90.769474	1.43	1949.2	3417.3	-222.0	96.6	69.9	76.4	2021	3	25	19	16	4.72	-0.52	0	0	21	0	-9.0	0.022	1
21041001	30.177358	-90.791423	1.473	-164.4	655.4	-179.4	79.1	64.3	78.7	2021	4	10	5	55	13.25	-1.86	0	0	9	0	-9.0	0.026	1
21041003	30.174235	-90.794393	0.226	-451.0	309.1	-1426.4	40.4	29.1	61.6	2021	4	10	8	51	19.5	0.06	0	0	14	0	-9.0	0.026	1
21041006	30.172685	-90.793856	0.125	-399.3	137.3	-1526.9	25.5	35.8	90.8	2021	4	10	10	1	4.58	0.42	0	0	14	0	-9.0	0.014	1
21041008	30.170127	-90.788729	1.735	94.7	-146.2	83.2	35.5	42.9	36.6	2021	4	10	11	27	32.58	-1.23	0	0	114	0	-9.0	0.025	1
21041304	30.158736	-90.803035	3.599	-1283.0	-1409.0	1947.0	63.3	54.2	44.2	2021	4	13	23	26	4.96	0.21	0	0	49	0	-9.0	0.021	1
21041306	30.205514	-90.827474	0.787	-3636.8	3776.7	-865.6	140.1	124.7	91.0	2021	4	13	23	40	26.26	-0.4	0	0	1	0	-9.0	0.0	1
21041307	30.17969	-90.792139	1.499	-233.9	913.8	-153.1	39.9	33.3	41.4	2021	4	13	23	40	28.6	-0.83	0	0	55	0	-9.0	0.019	1
21041504	30.171409	-90.781689	1.184	773.2	-4.1	-468.7	52.8	61.8	33.9	2021	4	15	11	8	43.51	-1.45	0	0	46	0	-9.0	0.022	1
21041505	30.154836	-90.78514	0.421	440.3	-1841.3	-1231.2	35.9	27.8	49.3	2021	4	15	13	54	50.58	-0.24	0	0	24	0	-9.0	0.027	1
21042601	30.165476	-90.792074	0.817	-227.6	-661.6	-835.3	30.9	38.2	38.3	2021	4	26	20	35	30.3	-2.05	0	0	61	0	-9.0	0.021	1
21050201	30.17969	-90.780306	1.877	906.3	913.9	224.4	67.1	66.9	72.2	2021	5	2	10	54	58.33	-2.36	0	0	31	0	-9.0	0.018	1
21050501	30.170209	-90.794043	2.138	-416.7	-137.1	485.8	37.0	55.5	49.4	2021	5	5	2	7	19.86	-0.85	0	0	46	0	-9.0	0.018	1
21050506	30.169535	-90.782739	3.159	671.4	-211.9	1507.1	43.5	46.2	50.8	2021	5	5	3	34	1.11	0.13	0	0	202	0	-9.0	0.026	1
21050507	30.171682	-90.790373	3.07	-63.4	26.1	1417.8	42.9	54.3	30.8	2021	5	5	3	35	14.03	0.42	0	0	70	0	-9.0	0.023	1
21050517	30.166083	-90.795011	2.951	-510.6	-594.5	1298.4	59.8	61.9	45.5	2021	5	5	10	2	53.44	1.75	0	0	90	0	-9.0	0.02	1
21050518	30.166632	-90.789958	0.168	-23.7	-533.5	-1484.3	37.6	83.3	70.4	2021	5	5	10	3	58.96	0.26	0	0	5	0	-9.0	0.026	1
21051002	30.167617	-90.789876	2.371	-15.3	-424.4	718.7	52.0	65.2	55.7	2021	5	10	5	48	29.13	-2.03	0	0	93	0	-9.0	0.021	1
21051004	30.177413	-90.796623	2.33	-665.4	661.4	677.4	43.1	53.6	48.1	2021	5	10	6	2	22.05	-2.5	0	0	70	0	-9.0	0.021	1
21051005	30.156779	-90.803556	5.375	-1333.5	-1625.9	3722.4	106.3	99.4	68.8	2021	5	10	6	8	27.11	-0.49	0	0	17	0	-9.0	0.021	1
21051011	30.177694	-90.804834	0.249	-1456.6	692.6	-1402.9	28.4	30.9	51.8	2021	5	10	14	26	14.76	-1.61	0	0	7	0	-9.0	0.02	1
21051013	30.167082	-90.794377	1.595	-449.3	-483.9	-57.4	38.1	50.2	43.7	2021	5	10	14	28	14.52	-2.34	0	0	135	0	-9.0	0.022	1
21051014	30.162657	-90.793115	2.041	-327.9	-974.2	388.9	45.1	54.3	54.7	2021	5	10	14	29	8.75	-1.93	0	0	105	0	-9.0	0.024	1
21051015	30.175818	-90.783577	0.869	591.0	484.6	-783.5	37.5	40.9	45.0	2021	5	10	14	29	49.72	-1.68	0	0	35	0	-9.0	0.022	1
21051016	30.181205	-90.782528	2.419	692.0	1081.9	767.2	32.2	43.7	71.3	2021	5	10	14	30	42.41	-1.66	0	0	123	0	-9.0	0.025	1
21051017	30.159125	-90.778833	1.576	1048.2	-1365.8	-76.3	56.8	61.8	58.6	2021	5	10	14	32	17.69	-1.68	0	0	25	0	-9.0	0.027	1
21051018	30.176343	-90.797298	1.282	-730.4	542.8	-369.8	28.7	30.8	23.8	2021	5	10	22	16	34.42	1.9	0	0	100	0	-9.0	0.024	1
21051019	30.175661	-90.79707	1.123	-708.4	467.2	-529.1	27.9	33.3	39.6	2021	5	10	22	17	11.88	1.71	0	0	117	0	-9.0	0.024	1
21051701	30.170315	-90.784375	0.461	514.0	-125.3	-1190.7	41.2	42.6	36.0	2021	5	17	22	12	15.48	-2.7	0	0	31	0	-9.0	0.023	1
21051702	30.169808	-90.796712	1.978	-674.1	-181.6	325.9	48.5	54.9	34.8	2021	5	17	22	18	39.4	-1.8	0	0	85	0	-9.0	0.021	1
21051801	30.184511	-90.796794	2.676	-682.2	1448.3	1023.8	69.8	57.3	64.3	2021	5	18	2	45	7.0	0.36	0	0	45	0	-9.0	0.02	1
21061401	30.172168	-90.800513	1.283	-1040.2	80.0	-369.3	40.9	43.3	34.6	2021	6	14	2	39	6.45	-2.18	0	0	24	0	-9.0	0.017	1
21061402	30.183636	-90.794303	1.391	-442.0	1351.5	-261.6	66.3	66.2	60.3	2021	6	14	3	12	2.03	-1.68	0	0	49	0	-9.0	0.021	1
21062703	30.199654	-90.81215	0.822	-2160.5	3127.0	-829.9	135.9	95.5	73.6	2021	6	27	13	50	56.61	0.32	0	0	5	0	-9.0	0.013	1
21062704	30.178713	-90.796672	0.565	-670.3	805.6	-1087.3	71.1	29.8	25.5	2021	6	27	17	38	29.0	-1.34	0	0	12	0	-9.0	0.026	1
21070601	30.162455	-90.795109	1.044	-520.0	-996.6	-608.1	39.8	66.9	57.8	2021	7	6	19	38	30.82	-1.48	0	0	51	0	-9.0	0.027	1
21071301	30.194731	-90.810937	0.949	-2044.4	2581.3	-702.8	50.7	94.3	75.2	2021	7	13	18	52	2.84	-1.85	0	0	11	0	-9.0	0.018	1
21101101	30.174884	-90.78964	0.279	7.1	381.1	-1372.8	26.0	48.6	75.2	2021	10	11	16	22	52.11	-2.77	0	0	12	0	-9.0	0.016	1
21102702	30.173527	-90.795133	1.041	-521.9	230.8	-611.3	25.8	24.6	42.6	2021	10	27	22	2	57.6	-1.07	0	0	73	0	-9.0	0.024	1
22041001	30.168575	-90.789388	2.544	31.2	-318.2	891.6	49.7	50.3	23.8	2022	4	10	1	11	3.42	-1.52	0	0	192	0	-9.0	0.023	1
22041202	30.171047	-90.784652	0.197	487.7	-44.1	-1455.3	28.7	28.8	44.9	2022	4	12	23	27	2.42	-0.9	0	0	31	0	-9.0	0.019	1
22041303	30.178632	-90.78409	4.784	541.7	796.6	3132.0	66.5	74.6	44.5	2022	4	13	0	49	31.29	-0.66	0	0	112	0	-9.0	0.025	1
22041304	30.167893	-90.79707	0.24	-708.9	-393.7	-1412.1	41.1	45.7	31.3	2022	4	13	1	0	41.19	-2.43	0	0	29	0	-9.0	0.026	1
22041305	30.170408	-90.792765	1.672	-293.7	-115.0	20.0	26.4	36.9	48.4	2022	4	13	1	14	18.45	-1.13	0	0	171	0	-9.0	0.022	1
22041401	30.15813	-90.790535	1.472	-79.4	-1476.2	-180.2	46.3	55.4	38.3	2022	4	14	1	48	32.4	-2.66	0	0	92	0	-9.0	0.023	1
22041407	30.172042	-90.792261	2.363	-245.5	66.0	711.0	48.1	58.4	42.6	2022	4	14	5	10	18.5	-1.38	0	0	125	0	-9.0	0.023	1
22041408	30.179675	-90.780599	2.579	877.7	912.3	927.5	48.0	52.8	47.4	2022	4	14	5	10	19.13	-0.89	0	0	55	0	-9.0	0.017	1
22050601	30.178884	-90.790291	1.407	-55.5	824.6	-245.0	26.4	34.1	39.7	2022	5	6	3	38	31.67	-2.96	0	0	199	0	-9.0	0.023	1
22050602	30.172249	-90.791992	0.477	-219.3	89.1	-1174.9	30.3	33.1	28.9	2022	5	6	5	21	6.15	-2.37	0	0	52	0	-9.0	0.026	1
22051306	30.168766	-90.796517	1.18	-655.1	-297.1	-472.0	54.3	44.1	39.8	2022	5	13	21	42	21.6	-1.53	0	0	74	0	-9.0	0.027	1
22051307	30.172369	-90.803947	0.584	-1371.2	102.3	-1067.7	29.0	38.3	31.0	2022	5	13	22	32	23.98	-1.35	0	0	42	0	-9.0	0.019	1
22051308	30.160103	-90.80708	0.612	-1672.8	-1257.3	-1040.7	32.8	50.5	184.9	2022	5	13	22	32	24.24	-0.35	0	0	35	0	-9.0	0.026	1
22051309	30.156486	-90.81027	1.573	-1980.4	-1658.3	-79.6	57.0	42.5	33.4	2022	5	13	22	37	48.4	-0.56	0	0	70	0	-9.0	0.026	1
22051310	30.168583	-90.781632	1.6	778.4	-317.4	-51.9	71.2	65.0	62.3	2022	5	13	22	37	51.16	-1.65	0	0	23	0	-9.0	0.021	1
22051314	30.169582	-90.780884	3.228	850.2	-206.6	1576.7	41.1	54.4	40.0	2022	5	13	23	12	43.04	-0.58	0	0	114	0	-9.0	0.023	1
22051402	30.165853	-90.786019	0.563	356.1	-620.1	-1089.2	44.1	63.6	52.1	2022	5	14	7	26	48.74	-3.77	0	0	46	0	-9.0	0.024	1
22052102	30.174272	-90.801725	0.852	-1156.6	313.3	-800.4	33.2	37.8	48.0	2022	5	21	22	24	48.56	-0.94	0	0	37	0	-9.0	0.016	1
22052103	30.174021	-90.790584	1.393	-84.2	285.6	-259.1	45.5	34.0	41.0	2022	5	21	22	46	40.64	-1.78	0	0	63	0	-9.0	0.023	1
22052104	30.155538	-90.764323	6.116	2445.5	-1763.4	4464.2	153.6	164.9	127.8	2022	5	21	22	48	43.52	0.88	0	0	5	0	-9.0	0.031	1
22052106	30.16877	-90.79056	0.504	-81.5	-296.7	-1148.5	39.6	31.8	36.2	2022	5	21	23	2	34.28	-2.41	0	0	31	0	-9.0	0.02	1
22052107	30.169822	-90.796851	2.3	-687.2	-180.0	647.9	45.4	55.1	27.2	2022	5	21	23	6	28.24	0.2	0	0	69	0	-9.0	0.02	1
22052109	30.176211	-90.783813	1.014	568.2	528.2	-637.9	29.4	37.8	39.9	2022	5	21	23	12	0.84	-2.26	0	0	60	0	-9.0	0.017	1
22052110	30.164642	-90.793506	0.211	-365.2	-754.1	-1441.5	62.2	36.6	50.4	2022	5	21	23	13	47.56	-2.31	0	0	9	0	-9.0	0.022	1
22052111	30.17439	-90.784619	0.533	490.9	326.3	-1119.6	35.3	36.4	45.9	2022	5	21	23	15	29.88	-2.81	0	0	23	0	-9.0	0.015	1
22052113	30.165572	-90.776636	1.226	1259.7	-651.0	-426.5	36.8	37.6	43.2	2022	5	21	23	32	56.44	-1.33	0	0	99	0	-9.0	0.026	1
22052115	30.150907	-90.781673	4.56	774.6	-2276.8	2907.8	83.0	69.2	50.9	2022	5	21	23	40	31.78	-0.51	0	0	14	0	-9.0	0.021	1
22052116	30.167295	-90.792326	1.825	-251.6	-460.1	173.1	39.2	44.1	49.2	2022	5	21	23	43	25.76	-1.72	0	0	139	0	-9.0	0.021	1
22052117	30.175653	-90.783708	1.559	578.5	466.3	-93.7	27.2	32.0	32.2	2022	5	21	23	57	31.04	-1.88	0	0	136	0	-9.0	0.021	1
22052118	30.172854	-90.783317	2.367	615.8	156.0	714.7	52.8	54.7	44.6	2022	5	21	23	58	20.2	-1.3	0	0	94	0	-9.0	0.024	1
22052201	30.186237	-90.772192	3.349	1687.5	1639.6	1696.3	57.0	53.6	49.9	2022	5	22	0	1	5.33	-1.07	0	0	124	0	-9.0	0.025	1
22052202	30.170911	-90.781396	0.404	800.9	-59.3	-1247.8	30.8	40.3	43.9	2022	5	22	0	9	19.36	-2.32	0	0	33	0	-9.0	0.014	1
22052203	30.176211	-90.785677	1.975	389.0	528.2	323.0	46.5	31.9	40.6	2022	5	22	0	9	19.79	-1.33	0	0	139	0	-9.0	0.022	1
22052204	30.178444	-90.790861	1.277	-110.5	775.8	-375.4	29.6	29.3	39.5	2022	5	22	0	13	8.7	-2.11	0	0	79	0	-9.0	0.024	1
22052205	30.166624	-90.774878	1.969	1428.7	-534.5	316.3	38.4	42.1	43.7	2022	5	22	0	14	25.05	-1.88	0	0	95	0	-9.0	0.023	1
22052206	30.15427	-90.778939	1.905	1038.2	-1903.9	252.7	73.5	66.3	96.1	2022	5	22	0	16	30.76	-1.95	0	0	57	0	-9.0	0.024	1
22052208	30.175059	-90.782585	2.176	686.3	400.5	523.8	33.5	46.0	46.3	2022	5	22	0	16	43.24	-1.68	0	0	182	0	-9.0	0.025	1
22052210	30.170164	-90.778898	3.016	1041.6	-142.0	1364.2	69.1	71.6	79.4	2022	5	22	0	19	6.33	-1.64	0	0	96	0	-9.0	0.024	1
22052211	30.175983	-90.781445	1.556	796.3	503.0	-96.5	31.9	28.9	27.2	2022	5	22	0	25	26.05	-2.55	0	0	154	0	-9.0	0.021	1
22052212	30.175753	-90.781462	1.59	794.4	477.6	-62.1	34.0	35.6	32.0	2022	5	22	0	34	23.64	-2.52	0	0	136	0	-9.0	0.022	1
22052214	30.16696	-90.804093	2.177	-1385.0	-497.3	524.4	36.8	39.4	48.3	2022	5	22	0	37	43.96	-2.47	0	0	120	0	-9.0	0.022	1
22052215	30.175413	-90.792074	1.309	-227.0	439.9	-343.5	41.0	49.4	56.8	2022	5	22	0	37	44.91	-3.01	0	0	45	0	-9.0	0.018	1
22052218	30.163715	-90.79012	0.57	-39.2	-857.1	-1081.9	63.0	46.0	42.4	2022	5	22	0	42	11.72	-3.13	0	0	24	0	-9.0	0.021	1
22052221	30.150291	-90.799504	1.469	-942.8	-2345.1	-183.6	53.2	40.1	41.1	2022	5	22	0	44	56.47	-1.76	0	0	49	0	-9.0	0.021	1
22052222	30.168471	-90.783732	2.008	576.4	-329.6	355.8	47.3	49.1	64.8	2022	5	22	0	49	0.92	-2.13	0	0	199	0	-9.0	0.026	1
22052223	30.167765	-90.801335	0.598	-1119.4	-407.9	-1053.5	42.1	28.8	28.4	2022	5	22	0	57	18.44	-3.1	0	0	30	0	-9.0	0.021	1
22052224	30.172262	-90.780632	1.853	874.8	90.4	200.6	46.6	50.4	51.5	2022	5	22	0	57	18.95	-2.35	0	0	51	0	-9.0	0.022	1
22052225	30.16673	-90.789103	1.495	58.4	-522.9	-157.0	33.7	64.0	32.7	2022	5	22	1	2	35.23	-2.9	0	0	57	0	-9.0	0.017	1
22052227	30.179366	-90.779484	1.547	985.0	878.1	-105.1	48.7	48.3	41.1	2022	5	22	1	11	31.65	-2.58	0	0	84	0	-9.0	0.022	1
22052228	30.162063	-90.792839	1.621	-301.1	-1040.1	-30.8	53.1	57.6	75.1	2022	5	22	1	11	32.31	-2.41	0	0	51	0	-9.0	0.015	1
22052301	30.161981	-90.79174	0.695	-195.0	-1049.1	-957.4	29.6	44.1	66.2	2022	5	23	2	53	59.57	-3.2	0	0	57	0	-9.0	0.024	1
22052304	30.163057	-90.785807	2.34	376.0	-929.9	688.1	52.9	67.8	55.5	2022	5	23	4	19	6.19	-1.69	0	0	61	0	-9.0	0.023	1
22052305	30.169505	-90.812077	5.618	-2154.1	-215.2	3966.2	83.5	111.7	64.9	2022	5	23	4	42	50.97	0.22	0	0	14	0	-9.0	0.021	1
22052307	30.166162	-90.780404	3.643	896.9	-585.6	1991.3	93.7	119.8	54.1	2022	5	23	4	48	32.51	-0.72	0	0	93	0	-9.0	0.031	1
22052309	30.166813	-90.787508	1.416	212.3	-513.6	-235.8	55.2	66.0	42.5	2022	5	23	4	51	41.99	-2.14	0	0	178	0	-9.0	0.03	1
22052311	30.164563	-90.8014	1.602	-1126.0	-763.1	-50.2	39.3	49.2	56.9	2022	5	23	23	50	48.0	-2.12	0	0	100	0	-9.0	0.023	1
22052502	30.152181	-90.763957	1.323	2481.2	-2135.6	-329.2	52.8	64.8	75.2	2022	5	25	18	21	59.6	-1.04	0	0	24	0	-9.0	0.026	1
22052503	30.172174	-90.781364	2.568	804.4	80.6	916.3	40.2	50.1	38.1	2022	5	25	18	25	26.12	-1.1	0	0	177	0	-9.0	0.022	1
22052601	30.172974	-90.78278	1.629	667.9	169.4	-22.9	50.6	55.6	68.2	2022	5	26	12	10	45.56	-2.95	0	0	90	0	-9.0	0.025	1
22060301	30.173716	-90.782617	1.995	683.4	251.8	342.9	43.2	45.3	53.6	2022	6	3	2	52	31.32	-2.18	0	0	187	0	-9.0	0.025	1
22060302	30.165344	-90.798804	1.2	-875.9	-676.4	-452.2	37.1	49.1	43.7	2022	6	3	3	5	24.53	-3.23	0	0	95	0	-9.0	0.022	1
22060304	30.202258	-90.795394	4.335	-547.2	3415.8	2682.5	203.9	76.4	95.3	2022	6	3	3	8	51.45	-1.2	0	0	7	0	-9.0	0.031	1
22060305	30.166012	-90.772437	7.577	1663.8	-602.4	5925.3	155.7	148.5	82.1	2022	6	3	3	24	25.24	-0.44	0	0	14	0	-9.0	0.025	1
22060306	30.169629	-90.795394	4.905	-547.4	-201.3	3252.8	88.0	94.9	49.5	2022	6	3	3	28	4.31	-0.85	0	0	65	0	-9.0	0.024	1
22060307	30.182196	-90.795467	3.644	-553.8	1191.8	1991.6	64.9	57.5	45.4	2022	6	3	3	29	31.79	-1.48	0	0	44	0	-9.0	0.027	1
22060308	30.173641	-90.792537	1.546	-272.3	243.3	-105.9	36.1	28.7	40.6	2022	6	3	3	31	0.3	-2.12	0	0	127	0	-9.0	0.019	1
22060309	30.169421	-90.792244	1.3	-243.9	-224.5	-350.9	31.3	30.1	29.0	2022	6	3	3	31	59.39	-3.02	0	0	171	0	-9.0	0.025	1
22060311	30.175242	-90.765934	1.412	2290.6	420.9	-239.7	27.8	54.4	32.0	2022	6	3	3	36	35.19	-2.22	0	0	97	0	-9.0	0.026	1
22060312	30.166844	-90.786629	0.483	296.8	-510.3	-1169.0	34.9	45.1	47.5	2022	6	3	3	54	48.79	-2.97	0	0	56	0	-9.0	0.022	1
22061605	30.179897	-90.775366	2.12	1381.6	937.0	467.4	55.8	48.7	41.0	2022	6	16	22	39	47.72	-0.02	0	0	102	0	-9.0	0.021	1
22061607	30.18100	-90.794222	1.182	-434.3	1059.2	-469.8	42.1	43.9	39.1	2022	6	16	22	42	25.38	-1.04	0	0	62	0	-9.0	0.021	1
22061608	30.171812	-90.783146	0.568	632.2	40.7	-1084.3	43.2	48.9	42.4	2022	6	16	22	49	28.7	-2.86	0	0	29	0	-9.0	0.026	1
22061609	30.18443	-90.782202	2.955	723.2	1439.3	1303.1	45.6	44.8	50.4	2022	6	16	22	53	35.72	-1.06	0	0	101	0	-9.0	0.027	1
22061610	30.174406	-90.795972	0.505	-602.9	328.1	-1146.9	23.3	21.9	21.8	2022	6	16	23	27	37.64		0	0	78	0	-9.0	0.021	1
22061611	30.177596	-90.78243	2.231	701.8	681.9	578.7	33.5	29.1	57.8	2022	6	16	23	27	47.32	-1.24	0	0	245	0	-9.0	0.022	1
22061612	30.16639	-90.804989	1.204	-1471.6	-560.6	-448.5	41.3	49.6	34.0	2022	6	16	23	31	27.92	-1.57	0	0	68	0	-9.0	0.022	1
22061613	30.177079	-90.803768	0.859	-1353.6	624.6	-792.8	33.9	25.3	43.8	2022	6	16	23	34	10.08	-1.8	0	0	31	0	-9.0	0.022	1
22061614	30.16804	-90.779264	1.907	1006.7	-377.6	254.6	43.2	45.4	51.5	2022	6	16	23	44	19.08	-0.79	0	0	97	0	-9.0	0.027	1
22062703	30.180813	-90.788135	1.591	152.2	1038.5	-61.7	29.2	33.1	27.4	2022	6	27	21	34	11.36	-2.32	0	0	136	0	-9.0	0.023	1
22070504	30.159013	-90.796875	6.544	-690.1	-1378.3	4891.3	126.4	112.3	66.8	2022	7	5	18	15	8.88	0.03	0	0	21	0	-9.0	0.021	1
22070505	30.159005	-90.794946	1.056	-504.2	-1379.1	-595.9	42.4	42.4	53.9	2022	7	5	18	22	44.26	-2.38	0	0	25	0	-9.0	0.024	1
22070507	30.17654	-90.78986	0.409	-13.8	564.8	-1243.6	24.1	30.6	36.3	2022	7	5	18	24	57.84	-2.9	0	0	58	0	-9.0	0.025	1
22070508	30.172968	-90.800374	1.583	-1026.8	168.7	-69.6	70.6	57.4	55.7	2022	7	5	18	25	28.52	-1.74	0	0	35	0	-9.0	0.025	1
22070509	30.187044	-90.78929	3.184	41.0	1729.1	1532.2	42.4	51.0	37.3	2022	7	5	18	28	42.44	-1.3	0	0	125	0	-9.0	0.02	1
22070511	30.158162	-90.77867	0.071	1063.9	-1472.5	-1581.6	34.1	44.5	61.6	2022	7	5	18	49	2.16	-2.14	0	0	22	0	-9.0	0.021	1
22070512	30.179388	-90.790438	2.522	-69.7	880.4	869.9	52.5	65.5	49.9	2022	7	5	21	8	37.56	-1.41	0	0	120	0	-9.0	0.021	1
22071001	30.167234	-90.794165	0.051	-428.5	-466.8	-1600.9	72.6	80.1	151.3	2022	7	10	21	14	49.64	-0.11	0	0	2	0	-9.0	0.021	1
22071006	30.168699	-90.780916	2.315	847.2	-304.4	662.8	41.5	45.3	38.0	2022	7	10	22	8	37.52	-1.49	0	0	104	0	-9.0	0.024	1
22071007	30.181165	-90.774552	1.579	1460.6	1077.4	-72.8	52.5	51.2	45.4	2022	7	10	22	23	6.24	-1.91	0	0	82	0	-9.0	0.025	1
22071203	30.164457	-90.797909	1.463	-789.4	-774.7	-188.8	39.5	54.8	34.6	2022	7	12	2	1	6.73	-2.45	0	0	67	0	-9.0	0.025	1
22071204	30.175629	-90.782731	0.819	672.5	463.6	-833.3	33.4	39.2	62.6	2022	7	12	2	1	7.64	-2.44	0	0	26	0	-9.0	0.018	1
22071205	30.177214	-90.784285	0.931	522.5	639.4	-720.8	32.1	38.9	32.5	2022	7	12	2	4	1.92	-2.52	0	0	49	0	-9.0	0.021	1
